[0.272109,
3.628118,
6.893424,
10.158730,
13.424036,
16.689342,
19.909297,
23.219955,
26.394558,
29.659864,
32.970522,
36.235828,
39.455782,
42.766440,
46.031746,
49.297052,
52.517007,
55.691610,
58.956916,
62.222222,
65.442177,
68.752834,
72.018141,
75.238095,
78.503401,
81.768707,
84.988662,
88.299320,
91.564626,
94.829932,
98.140590,
101.360544,
104.671202,
107.936508,
111.201814,
114.421769,
115.283447,
117.687075,
120.952381,
124.217687,
127.528345,
130.748299,
134.013605,
137.278912,
140.498866,
143.809524,
147.074830,
150.294785,
153.560091,
156.825397,
160.090703,
163.356009,
166.621315,
169.886621,
173.151927,
176.371882,
179.637188,
182.902494,
186.122449,
189.433107,
192.698413,
193.514739,
195.963719,
199.183673,
202.494331,
205.759637,
208.979592,
212.199546,
215.464853,
218.730159,
221.950113,
225.306122,
228.435374,
231.791383,
235.056689,
238.321995,
241.541950,
244.807256,
248.072562,
251.337868,
254.648526,
257.868481,
261.088435
]